{
    "w": 2704,
    "h": 1800,
    "aabb_scale": 1.0,
    "scale": 0.5,
    "offset": [
        0.5,
        0.5,
        0.5
    ],
    "from_na": true,
    "n2w": [
        [
            1.0,
            0.0,
            0.0,
            0.0
        ],
        [
            0.0,
            1.0,
            0.0,
            0.0
        ],
        [
            0.0,
            0.0,
            1.0,
            0.0
        ],
        [
            0.0,
            0.0,
            0.0,
            1.0
        ]
    ],
    "frames": [
        {
            "albedo_path": "albedos/000.png",
            "normal_path": "normals/000.png",
            "transform_matrix": [
                [
                    -0.08516487092921098,
                    0.04341054466542367,
                    -0.9954207499200839,
                    0.9733178759025362
                ],
                [
                    0.04708351869396075,
                    0.9981096791833202,
                    0.039499501110331056,
                    -0.35628786271741475
                ],
                [
                    0.9952537802123668,
                    -0.04350394157338912,
                    -0.08704780319211315,
                    0.11615866705654532
                ],
                [
                    0.0,
                    0.0,
                    0.0,
                    1.0
                ]
            ],
            "intrinsic_matrix": [
                [
                    31.16937869822485,
                    0.0,
                    1302.254232812764
                ],
                [
                    0.0,
                    31.16937869822485,
                    944.4414336507591
                ],
                [
                    0.0,
                    0.0,
                    1.0
                ]
            ]
        },
        {
            "albedo_path": "albedos/001.png",
            "normal_path": "normals/001.png",
            "transform_matrix": [
                [
                    0.04769105831278231,
                    -0.03003978490758171,
                    0.9984103236043351,
                    -1.0240832584634008
                ],
                [
                    0.046869952223689976,
                    0.9985139665811109,
                    0.02780406662711611,
                    -0.34785165382063826
                ],
                [
                    -0.9977618806787297,
                    0.045469438804127744,
                    0.049028151089775596,
                    -0.0384423892862925
                ],
                [
                    0.0,
                    0.0,
                    0.0,
                    1.0
                ]
            ],
            "intrinsic_matrix": [
                [
                    31.16937869822485,
                    0.0,
                    1302.254232812764
                ],
                [
                    0.0,
                    31.16937869822485,
                    944.4414336507591
                ],
                [
                    0.0,
                    0.0,
                    1.0
                ]
            ]
        },
        {
            "albedo_path": "albedos/002.png",
            "normal_path": "normals/002.png",
            "transform_matrix": [
                [
                    0.9562958249560114,
                    -0.05458411512625108,
                    0.2872609781149992,
                    -0.30352491103541396
                ],
                [
                    0.047238288996710294,
                    0.9983565320433843,
                    0.03244655573354627,
                    -0.3519462040332356
                ],
                [
                    -0.28855994043589134,
                    -0.017458788680518825,
                    0.9573026436156142,
                    -0.9422520978237149
                ],
                [
                    0.0,
                    0.0,
                    0.0,
                    1.0
                ]
            ],
            "intrinsic_matrix": [
                [
                    31.16937869822485,
                    0.0,
                    1302.254232812764
                ],
                [
                    0.0,
                    31.16937869822485,
                    944.4414336507591
                ],
                [
                    0.0,
                    0.0,
                    1.0
                ]
            ]
        },
        {
            "albedo_path": "albedos/003.png",
            "normal_path": "normals/003.png",
            "transform_matrix": [
                [
                    0.7165832116179379,
                    -0.05846838931080812,
                    0.695046723809789,
                    -0.7142004724173876
                ],
                [
                    0.049120761471589,
                    0.9982365634466019,
                    0.03333037939732668,
                    -0.35268718858928516
                ],
                [
                    -0.695769826609183,
                    0.010257234018889342,
                    0.7181915743939835,
                    -0.705615170246676
                ],
                [
                    0.0,
                    0.0,
                    0.0,
                    1.0
                ]
            ],
            "intrinsic_matrix": [
                [
                    31.16937869822485,
                    0.0,
                    1302.254232812764
                ],
                [
                    0.0,
                    31.16937869822485,
                    944.4414336507591
                ],
                [
                    0.0,
                    0.0,
                    1.0
                ]
            ]
        },
        {
            "albedo_path": "albedos/004.png",
            "normal_path": "normals/004.png",
            "transform_matrix": [
                [
                    0.9071362807904411,
                    -0.028145019125042997,
                    -0.4198947796438262,
                    0.40634403474755265
                ],
                [
                    0.0462901355124847,
                    0.9983800051943513,
                    0.033084567132768805,
                    -0.35027982697865706
                ],
                [
                    0.4182833865071886,
                    -0.04944919743107917,
                    0.9069695614768447,
                    -0.8832936772828449
                ],
                [
                    0.0,
                    0.0,
                    0.0,
                    1.0
                ]
            ],
            "intrinsic_matrix": [
                [
                    31.16937869822485,
                    0.0,
                    1302.254232812764
                ],
                [
                    0.0,
                    31.16937869822485,
                    944.4414336507591
                ],
                [
                    0.0,
                    0.0,
                    1.0
                ]
            ]
        },
        {
            "albedo_path": "albedos/005.png",
            "normal_path": "normals/005.png",
            "transform_matrix": [
                [
                    0.8628608007481781,
                    -0.0581449340226292,
                    0.502086053560261,
                    -0.5197051885997042
                ],
                [
                    0.04841722173516529,
                    0.9983014823347909,
                    0.032402515451845595,
                    -0.35185897291940343
                ],
                [
                    -0.5031172936519483,
                    -0.003649248643673471,
                    0.8642104325988408,
                    -0.8505724315853525
                ],
                [
                    0.0,
                    0.0,
                    0.0,
                    1.0
                ]
            ],
            "intrinsic_matrix": [
                [
                    31.16937869822485,
                    0.0,
                    1302.254232812764
                ],
                [
                    0.0,
                    31.16937869822485,
                    944.4414336507591
                ],
                [
                    0.0,
                    0.0,
                    1.0
                ]
            ]
        },
        {
            "albedo_path": "albedos/006.png",
            "normal_path": "normals/006.png",
            "transform_matrix": [
                [
                    0.9975121309951236,
                    -0.047862176187918326,
                    0.05175674456652132,
                    -0.06670916277795666
                ],
                [
                    0.04619966332703591,
                    0.9983917702677352,
                    0.032855200046974,
                    -0.35239096650439594
                ],
                [
                    -0.05324602920440177,
                    -0.03038231643925144,
                    0.9981191187537434,
                    -0.9810452147384601
                ],
                [
                    0.0,
                    0.0,
                    0.0,
                    1.0
                ]
            ],
            "intrinsic_matrix": [
                [
                    31.16937869822485,
                    0.0,
                    1302.254232812764
                ],
                [
                    0.0,
                    31.16937869822485,
                    944.4414336507591
                ],
                [
                    0.0,
                    0.0,
                    1.0
                ]
            ]
        },
        {
            "albedo_path": "albedos/007.png",
            "normal_path": "normals/007.png",
            "transform_matrix": [
                [
                    -0.8353181114510533,
                    0.018158444309923208,
                    0.5494669449403569,
                    -0.5758674465213928
                ],
                [
                    0.044026099596512096,
                    0.9984539091805495,
                    0.033933667594250344,
                    -0.3515621702293759
                ],
                [
                    -0.5480012365279514,
                    0.052536293572372376,
                    -0.8348260792653244,
                    0.8497666697688565
                ],
                [
                    0.0,
                    0.0,
                    0.0,
                    1.0
                ]
            ],
            "intrinsic_matrix": [
                [
                    31.16937869822485,
                    0.0,
                    1302.254232812764
                ],
                [
                    0.0,
                    31.16937869822485,
                    944.4414336507591
                ],
                [
                    0.0,
                    0.0,
                    1.0
                ]
            ]
        },
        {
            "albedo_path": "albedos/008.png",
            "normal_path": "normals/008.png",
            "transform_matrix": [
                [
                    -0.8289332131225889,
                    0.059807327171539304,
                    -0.5561409999261493,
                    0.5296471642980681
                ],
                [
                    0.05002819022445906,
                    0.9982097277554586,
                    0.032779865729438695,
                    -0.35050721781162913
                ],
                [
                    0.5571058322842491,
                    -0.0006504083110955919,
                    -0.8304412493391107,
                    0.8531448714989283
                ],
                [
                    0.0,
                    0.0,
                    0.0,
                    1.0
                ]
            ],
            "intrinsic_matrix": [
                [
                    31.16937869822485,
                    0.0,
                    1302.254232812764
                ],
                [
                    0.0,
                    31.16937869822485,
                    944.4414336507591
                ],
                [
                    0.0,
                    0.0,
                    1.0
                ]
            ]
        },
        {
            "albedo_path": "albedos/009.png",
            "normal_path": "normals/009.png",
            "transform_matrix": [
                [
                    -0.6046396815786466,
                    0.058378499394177566,
                    -0.7943568507094005,
                    0.7685489195835653
                ],
                [
                    0.048916162731927317,
                    0.9981494902304454,
                    0.036122073255628,
                    -0.3535660568833269
                ],
                [
                    0.7949956380283204,
                    -0.017016050105278877,
                    -0.6063764421172364,
                    0.6318287807391187
                ],
                [
                    0.0,
                    0.0,
                    0.0,
                    1.0
                ]
            ],
            "intrinsic_matrix": [
                [
                    31.16937869822485,
                    0.0,
                    1302.254232812764
                ],
                [
                    0.0,
                    31.16937869822485,
                    944.4414336507591
                ],
                [
                    0.0,
                    0.0,
                    1.0
                ]
            ]
        },
        {
            "albedo_path": "albedos/010.png",
            "normal_path": "normals/010.png",
            "transform_matrix": [
                [
                    -0.9824869266623145,
                    0.0386841890034494,
                    0.18227169955532152,
                    -0.20932502842872985
                ],
                [
                    0.04571886142073298,
                    0.9983566765527796,
                    0.034550428259004014,
                    -0.3520764062448696
                ],
                [
                    -0.1806356129007561,
                    0.04227859864794685,
                    -0.9826409799353647,
                    1.0002411525814148
                ],
                [
                    0.0,
                    0.0,
                    0.0,
                    1.0
                ]
            ],
            "intrinsic_matrix": [
                [
                    31.16937869822485,
                    0.0,
                    1302.254232812764
                ],
                [
                    0.0,
                    31.16937869822485,
                    944.4414336507591
                ],
                [
                    0.0,
                    0.0,
                    1.0
                ]
            ]
        },
        {
            "albedo_path": "albedos/011.png",
            "normal_path": "normals/011.png",
            "transform_matrix": [
                [
                    -0.9309515636776652,
                    0.028818633214394204,
                    0.36400367095094527,
                    -0.39092444433484075
                ],
                [
                    0.04458633930794567,
                    0.9983926911096789,
                    0.03498703596890223,
                    -0.3525020888596381
                ],
                [
                    -0.3624103260576698,
                    0.048800827026052915,
                    -0.9307401543117962,
                    0.9470130385994358
                ],
                [
                    0.0,
                    0.0,
                    0.0,
                    1.0
                ]
            ],
            "intrinsic_matrix": [
                [
                    31.16937869822485,
                    0.0,
                    1302.254232812764
                ],
                [
                    0.0,
                    31.16937869822485,
                    944.4414336507591
                ],
                [
                    0.0,
                    0.0,
                    1.0
                ]
            ]
        },
        {
            "albedo_path": "albedos/012.png",
            "normal_path": "normals/012.png",
            "transform_matrix": [
                [
                    0.11147335400646985,
                    0.034113816474629695,
                    -0.9931817249990476,
                    0.9725827759903913
                ],
                [
                    0.04619777690351206,
                    0.9981522462454857,
                    0.03946971908013369,
                    -0.35624070986908757
                ],
                [
                    0.9926930324907705,
                    -0.050282609723706906,
                    0.10969139621525378,
                    -0.08105784690888487
                ],
                [
                    0.0,
                    0.0,
                    0.0,
                    1.0
                ]
            ],
            "intrinsic_matrix": [
                [
                    31.16937869822485,
                    0.0,
                    1302.254232812764
                ],
                [
                    0.0,
                    31.16937869822485,
                    944.4414336507591
                ],
                [
                    0.0,
                    0.0,
                    1.0
                ]
            ]
        },
        {
            "albedo_path": "albedos/013.png",
            "normal_path": "normals/013.png",
            "transform_matrix": [
                [
                    -0.376488119692108,
                    0.053100888074210456,
                    -0.9248983681553511,
                    0.9013418959840722
                ],
                [
                    0.04753419785290017,
                    0.9981481632816639,
                    0.037957135981551066,
                    -0.35538746717217173
                ],
                [
                    0.9252011650258456,
                    -0.029673891271129134,
                    -0.3783150332879291,
                    0.40521468619803386
                ],
                [
                    0.0,
                    0.0,
                    0.0,
                    1.0
                ]
            ],
            "intrinsic_matrix": [
                [
                    31.16937869822485,
                    0.0,
                    1302.254232812764
                ],
                [
                    0.0,
                    31.16937869822485,
                    944.4414336507591
                ],
                [
                    0.0,
                    0.0,
                    1.0
                ]
            ]
        },
        {
            "albedo_path": "albedos/014.png",
            "normal_path": "normals/014.png",
            "transform_matrix": [
                [
                    -0.9963994678423842,
                    0.04974247122622267,
                    -0.06865702469319664,
                    0.04158768055524639
                ],
                [
                    0.04750882838613961,
                    0.9982990436276703,
                    0.03379246539473525,
                    -0.35131399425756155
                ],
                [
                    0.07022116282710032,
                    0.03040897973274436,
                    -0.9970678423471612,
                    1.0165303178508114
                ],
                [
                    0.0,
                    0.0,
                    0.0,
                    1.0
                ]
            ],
            "intrinsic_matrix": [
                [
                    31.16937869822485,
                    0.0,
                    1302.254232812764
                ],
                [
                    0.0,
                    31.16937869822485,
                    944.4414336507591
                ],
                [
                    0.0,
                    0.0,
                    1.0
                ]
            ]
        },
        {
            "albedo_path": "albedos/015.png",
            "normal_path": "normals/015.png",
            "transform_matrix": [
                [
                    -0.281607504548378,
                    0.0029233593497165556,
                    0.9595252301800864,
                    -0.9872961644096975
                ],
                [
                    0.04445095712572721,
                    0.9989614945763905,
                    0.010002237965108011,
                    -0.33092615475203757
                ],
                [
                    -0.9584995178885807,
                    0.045468520141041656,
                    -0.28144499974869275,
                    0.29058856793703475
                ],
                [
                    0.0,
                    0.0,
                    0.0,
                    1.0
                ]
            ],
            "intrinsic_matrix": [
                [
                    31.16937869822485,
                    0.0,
                    1302.254232812764
                ],
                [
                    0.0,
                    31.16937869822485,
                    944.4414336507591
                ],
                [
                    0.0,
                    0.0,
                    1.0
                ]
            ]
        },
        {
            "albedo_path": "albedos/016.png",
            "normal_path": "normals/016.png",
            "transform_matrix": [
                [
                    0.4967192666648572,
                    -0.05338760718436694,
                    0.8662677031513147,
                    -0.8874172320546551
                ],
                [
                    0.04902818184058004,
                    0.9982385180490034,
                    0.03340805993673927,
                    -0.3528055308732252
                ],
                [
                    -0.8665253646081766,
                    0.025877103440251542,
                    0.4984618019549833,
                    -0.4870036674340223
                ],
                [
                    0.0,
                    0.0,
                    0.0,
                    1.0
                ]
            ],
            "intrinsic_matrix": [
                [
                    31.16937869822485,
                    0.0,
                    1302.254232812764
                ],
                [
                    0.0,
                    31.16937869822485,
                    944.4414336507591
                ],
                [
                    0.0,
                    0.0,
                    1.0
                ]
            ]
        },
        {
            "albedo_path": "albedos/017.png",
            "normal_path": "normals/017.png",
            "transform_matrix": [
                [
                    0.9795532226954159,
                    -0.03907815848950286,
                    -0.19735344292941587,
                    0.1835418831553272
                ],
                [
                    0.046550912861943086,
                    0.9983584817353675,
                    0.033366966580313864,
                    -0.3504166587153149
                ],
                [
                    0.19572556403991967,
                    -0.04187170257012838,
                    0.9797643921398317,
                    -0.9583137160310555
                ],
                [
                    0.0,
                    0.0,
                    0.0,
                    1.0
                ]
            ],
            "intrinsic_matrix": [
                [
                    31.16937869822485,
                    0.0,
                    1302.254232812764
                ],
                [
                    0.0,
                    31.16937869822485,
                    944.4414336507591
                ],
                [
                    0.0,
                    0.0,
                    1.0
                ]
            ]
        },
        {
            "albedo_path": "albedos/018.png",
            "normal_path": "normals/018.png",
            "transform_matrix": [
                [
                    0.34230556482217983,
                    0.019837088098134923,
                    -0.9393792579291685,
                    0.9205006994488706
                ],
                [
                    0.045093185910745556,
                    0.9982782215278689,
                    0.0375126246425639,
                    -0.3545254173440079
                ],
                [
                    0.9385059961855263,
                    -0.05520038368473346,
                    0.3408216729682413,
                    -0.31316687549678013
                ],
                [
                    0.0,
                    0.0,
                    0.0,
                    1.0
                ]
            ],
            "intrinsic_matrix": [
                [
                    31.16937869822485,
                    0.0,
                    1302.254232812764
                ],
                [
                    0.0,
                    31.16937869822485,
                    944.4414336507591
                ],
                [
                    0.0,
                    0.0,
                    1.0
                ]
            ]
        },
        {
            "albedo_path": "albedos/019.png",
            "normal_path": "normals/019.png",
            "transform_matrix": [
                [
                    -0.7055698187292252,
                    0.008208347252737183,
                    0.7085928689549358,
                    -0.7368125113628321
                ],
                [
                    0.04558114239121854,
                    0.9983879386888329,
                    0.033821344428834194,
                    -0.35313060142445785
                ],
                [
                    -0.7071729564658987,
                    0.05616179231506825,
                    -0.7048065427670482,
                    0.7162652386446284
                ],
                [
                    0.0,
                    0.0,
                    0.0,
                    1.0
                ]
            ],
            "intrinsic_matrix": [
                [
                    31.16937869822485,
                    0.0,
                    1302.254232812764
                ],
                [
                    0.0,
                    31.16937869822485,
                    944.4414336507591
                ],
                [
                    0.0,
                    0.0,
                    1.0
                ]
            ]
        },
        {
            "albedo_path": "albedos/020.png",
            "normal_path": "normals/020.png",
            "transform_matrix": [
                [
                    0.2647966616850458,
                    -0.041309858249478554,
                    0.963419028030827,
                    -0.9872684973665404
                ],
                [
                    0.048353095304992925,
                    0.99839399509318,
                    0.029519633065228257,
                    -0.3495016576257244
                ],
                [
                    -0.9630912242019869,
                    0.03876759179117829,
                    0.26636885646004277,
                    -0.25595105382248867
                ],
                [
                    0.0,
                    0.0,
                    0.0,
                    1.0
                ]
            ],
            "intrinsic_matrix": [
                [
                    31.16937869822485,
                    0.0,
                    1302.254232812764
                ],
                [
                    0.0,
                    31.16937869822485,
                    944.4414336507591
                ],
                [
                    0.0,
                    0.0,
                    1.0
                ]
            ]
        },
        {
            "albedo_path": "albedos/021.png",
            "normal_path": "normals/021.png",
            "transform_matrix": [
                [
                    -0.9468272408104407,
                    0.05748858463897664,
                    -0.31656474645085664,
                    0.2896215527853565
                ],
                [
                    0.0497424265478493,
                    0.9982330397274575,
                    0.03250368283151843,
                    -0.3501212249601747
                ],
                [
                    0.31787397984172866,
                    0.015028673683574007,
                    -0.9480138563897117,
                    0.969129409666289
                ],
                [
                    0.0,
                    0.0,
                    0.0,
                    1.0
                ]
            ],
            "intrinsic_matrix": [
                [
                    31.16937869822485,
                    0.0,
                    1302.254232812764
                ],
                [
                    0.0,
                    31.16937869822485,
                    944.4414336507591
                ],
                [
                    0.0,
                    0.0,
                    1.0
                ]
            ]
        },
        {
            "albedo_path": "albedos/022.png",
            "normal_path": "normals/022.png",
            "transform_matrix": [
                [
                    0.5761255875082147,
                    0.0021599980140544817,
                    -0.8173583313497781,
                    0.8003389404964322
                ],
                [
                    0.04468344436425403,
                    0.9984178722198179,
                    0.034134179817270856,
                    -0.35144672373368147
                ],
                [
                    0.8161388957880029,
                    -0.05618795992586353,
                    0.5751175670602564,
                    -0.5486095045482167
                ],
                [
                    0.0,
                    0.0,
                    0.0,
                    1.0
                ]
            ],
            "intrinsic_matrix": [
                [
                    31.16937869822485,
                    0.0,
                    1302.254232812764
                ],
                [
                    0.0,
                    31.16937869822485,
                    944.4414336507591
                ],
                [
                    0.0,
                    0.0,
                    1.0
                ]
            ]
        },
        {
            "albedo_path": "albedos/023.png",
            "normal_path": "normals/023.png",
            "transform_matrix": [
                [
                    0.7758259749086264,
                    -0.014608070737478425,
                    -0.6307778221580149,
                    0.6157608948251345
                ],
                [
                    0.04550208881241836,
                    0.9984242062900658,
                    0.03284302373045016,
                    -0.35033092998215826
                ],
                [
                    0.6293040732196052,
                    -0.05418217938936147,
                    0.7752681309494366,
                    -0.7505577553363069
                ],
                [
                    0.0,
                    0.0,
                    0.0,
                    1.0
                ]
            ],
            "intrinsic_matrix": [
                [
                    31.16937869822485,
                    0.0,
                    1302.254232812764
                ],
                [
                    0.0,
                    31.16937869822485,
                    944.4414336507591
                ],
                [
                    0.0,
                    0.0,
                    1.0
                ]
            ]
        }
    ]
}